version https://git-lfs.github.com/spec/v1
oid sha256:38c29339400993a8ccdccdef3f15321b46d2230342ad2b9b9fe17d44dae12bf9
size 7928393
